2.561486639888534977e-01 1.496963544568066795e-01 1.269614690741042162e-01 6.206782494442375508e-02
1.980243950597768976e-01 1.405043756765523011e-01 9.479188916108605145e-02 3.690005720207271966e-02
1.987001574587738961e-01 1.456236722444847476e-01 1.224573583967544371e-01 7.929617775959939274e-02
1.456579790992114654e-01 1.071552355641225696e-01 8.366496559252006859e-02 5.628636122718850415e-02
1.182087042787509923e-01 1.026323493761133465e-01 8.758712533233664610e-02 4.585399866613389108e-02
1.811297590843287120e-01 1.587333412604149674e-01 1.427833974114051663e-01 8.984672412634836514e-02
1.294792779725805476e-01 9.646885981560032741e-02 7.279958815758509616e-02 4.557277455644242331e-02
1.656253781101618139e-01 1.273239451278168899e-01 1.065947098278774985e-01 6.299437215615921737e-02
2.233965879055380410e-01 1.450669426481274726e-01 1.239318298244766609e-01 9.196629283854239334e-02
1.835104208257390401e-01 1.507493167773473197e-01 1.222392626701121893e-01 7.211974645145782792e-02
